0 1 1.73205
0.866025 1 1.5
1.5 1 0.866025
1.73205 1 -7.57103e-08
1.5 1 -0.866026
0.866026 1 -1.5
-1.51421e-07 1 -1.73205
-0.866026 1 -1.5
-1.5 1 -0.866025
-1.73205 1 2.06545e-08
-1.5 1 0.866025
-0.866025 1 1.5
0 0 2
1 0 1.73205
1.73205 0 1
2 0 -8.74228e-08
1.73205 0 -1
1 0 -1.73205
-1.74846e-07 0 -2
-1 0 -1.73205
-1.73205 0 -1
-2 0 2.38498e-08
-1.73205 0 1
-1 0 1.73205
0 -1 1.73205
0.866025 -1 1.5
1.5 -1 0.866025
1.73205 -1 -7.57103e-08
1.5 -1 -0.866026
0.866026 -1 -1.5
-1.51421e-07 -1 -1.73205
-0.866026 -1 -1.5
-1.5 -1 -0.866025
-1.73205 -1 2.06545e-08
-1.5 -1 0.866025
-0.866025 -1 1.5
