1.1313
1.1717
41.537
1.3938
4.4405
1.2397
22.591
1.349
3.051
1.2529
4.0929
3.2383
55.816
1.4223
3.5322
6.1308
12.052
4.3974
9.8334
20.635
42.281
2.8604
6.3953
13.379
27.35
4.4087
9.8038
20.534
41.885
2.5817
5.7954
12.18
24.947
4.3477
9.6702
20.233
41.288
1.9195
4.3075
9.1144
18.829
4.2039
9.3678
19.578
39.889
3.1612
6.984
14.559
29.604
4.3832
9.8259
20.684
42.341
3.5211
7.8019
16.28
33.224
4.3197
9.6484
20.266
41.517
2.6592
5.8812
12.215
24.816
4.4142
9.8874
20.852
42.768
3.9253
8.8218
18.354
37.135
46.593
7.2799
4.6442
2.8849
