0.0711
0.10222
0.0083583
0.053741
1.6533e-32
0.056906
1.6533e-32
0.051732
1.6533e-32
0.0035395
1.6533e-32
1.6533e-32
1.6533e-32
0.03791
1.6533e-32
1.6533e-32
1.6533e-32
1.6533e-32
1.6533e-32
1.6533e-32
0.01597
1.6533e-32
1.6533e-32
1.6533e-32
1.6533e-32
0.026507
1.6533e-32
1.6533e-32
1.6533e-32
1.6533e-32
1.6533e-32
1.6533e-32
1.6533e-32
1.6533e-32
1.6533e-32
1.6533e-32
1.6533e-32
1.6533e-32
1.6533e-32
1.6533e-32
1.6533e-32
1.6533e-32
1.6533e-32
1.6533e-32
1.6533e-32
1.6533e-32
1.6533e-32
1.6533e-32
1.6533e-32
1.6533e-32
1.6533e-32
1.6533e-32
1.6533e-32
1.6533e-32
1.6533e-32
1.6533e-32
1.6533e-32
1.6533e-32
1.6533e-32
1.6533e-32
1.6533e-32
1.6533e-32
1.6533e-32
1.6533e-32
0.053852
1.6533e-32
1.6533e-32
1.6533e-32
1.6533e-32
1.6533e-32
1.6533e-32
1.6533e-32
0.033768
0.0015849
1.6533e-32
1.6533e-32
0.082858
